   1.7001671e-02
   1.1699085e-01
   5.6165750e-02
   6.0002637e-02
  -1.4637940e-02
   3.5538352e-02
   7.9345216e-02
  -9.5292889e-03
   1.2573720e-02
   2.3293640e-03
   8.7687111e-02
  -2.1345439e-03
   5.3789509e-02
   3.1994607e-02
  -4.5221478e-02
   1.1915593e-02
   9.6743548e-02
   1.0264419e-01
   2.6635629e-02
   6.8943310e-02
   3.3398524e-02
   7.3794307e-02
   8.2233887e-02
  -5.2257153e-02
   1.1702324e-02
   8.5651420e-02
  -9.1085024e-03
   4.7656593e-02
   1.7604206e-03
  -4.6619189e-02
   2.4268058e-02
  -2.2422677e-02
  -4.5217369e-02
   8.6689520e-03
   7.2846909e-02
   5.8725671e-02
   2.8230201e-03
   7.2372966e-02
  -5.1541168e-03
   7.1411583e-02
   1.0544472e-01
  -9.8479373e-02
   1.7414151e-02
   3.6646986e-02
   7.6693879e-02
   6.4400113e-02
   2.2883261e-02
   1.4973671e-02
   5.1431684e-02
   3.5792707e-02
   4.2667836e-02
   1.0491827e-01
   4.1491297e-02
   1.6521830e-02
   5.2904725e-02
   1.9015623e-01
   2.5655160e-02
   4.3104218e-02
  -5.2774016e-03
   4.2156829e-02
  -2.0259556e-02
   2.9017762e-02
   4.4013495e-02
   6.9877497e-02
  -1.4326211e-02
   4.5762936e-02
   3.8348803e-02
   6.5290997e-02
   1.0351273e-02
   7.0753570e-02
   1.4065043e-02
